1565326493034717185
1565451128128798720
1565721594152067073
1566098066918219776
1565470008783736833
1565410623651020800
1565791371599810560
1565432737397350400
1565729924014657540
1565528875559518210
1566206518051102722
1565533017887899648
1565757006820298752
1565411580283584512
1565676259375566849
1565748356579840001
1565449152980566016
1565630212561420288
1566131943506313222
1565645517782192128
1565474689908195330
1565504027994886144
1566493996066775040
1565404204176392196
1566079810987855874
1565478847235194881
1565802002742902785
1565439206515650562
1566460332184412160
1565536161627787264
1565164616216465409
1566244047827632130
1566001285224087553
1565467157433126912
1565447880428912640
1565542815232303104
1565791967824453632
1566210329117327370
1565505829318676488
1565400085206372357
1566210384242941953
1565407398969413633
1565556529247297537
1566530357205184512
1566144564196388868
1565471886150098956
1565476154139709446
1565690907629961221
1565779112387805184
1565434879202017280
1565749258065952768
1565479229562560512
1565354897113055232
1566255060232839168
1565380432383844352
1565876014366048257
1565353354230116352
1566205514182447104
1565478394149699585
1566131948933840899
1565524640708960256
1565313308462383105
1566054902048198657
1565731881538109441
1566012462868185088
1565473852800761857
1565559005648326657
1566056304455696384
1566516537992822791
1566077763957784579
1565394148223582209
1565389309473177610
1566302287118880768
1565210686208319488
1565508160223608832
1565450210226077698
1565375923070930945
1565849016407150592
1565784207598972929
1565879459470770177
1566221827533180931
1565488123416649730
1566014106183897089
1566291486492221440
1565405192056700930
1565373702316892166
1565451679507652609
1565477120851251200
1565790337179729924
1565483817632235525
1565480123578687489
1565629788924026880
1565716430359855106
1566089691606253568
1565564996347633665
1565152501883703296
1565431593384247296
1566077411564863488
1565854890395590656
1565530963446202368
1565493826089021441
1565876046859313152
1566076857992335362
1565718051982802944
1565772237831012359
1565645846380793856
1566109776693567492
1566536729577881602
1565719608698748928
1565973272633790464
1566156843059232768
1565712757206433792
1565727576433348610
1565401297326686209
1565228098265960448
1565338695103705089
1565542884568285184
1565374041615208451
1565743721357881344
1566058280417251328
1566234206770184192
1565875401628549120
1565396472224415746
1565423981263454216
1565844375971807232
1565687783884300288
1565425093232037888
1565410873278996480
1566131938745880576
1565743086323568640
1565168728236429312
1565450624832966657
1566493801731858433
1566540976918872064
1565525091374403584
1566120337644945409
1565436664599699458
1565392198027210753
1565409721624002562
1566570000252559361
1565399141898850304
1565440073646182403
1565641684343406592
1566496847224619008
1566377771475079168
1566089858757660672
1566539432962015235
1565835855893184513
1565416455847436288
1566282580101570561
1565666093150134272
1565441959241588743
1566093465125003269
1565358215927308288
1565435771443892224
1565605697043185669
1566007644493692930
1565954415516844033
1565534849519472640
1565874276137586688
1565709849127698433
1565343615743770624
1566003637591080960
1565360198654509056
1565435514131718144
1565891887235489792
1566178167592816642
1565790485842743297
1566242409423552512
1565343263686438913
1566424397942083584
